      0/99     4.44G   0.09148   0.09544   0.07886    0.2658      1160       512  0.009269  0.003901  0.002905  0.001023   0.07918   0.05321   0.06807
      1/99     9.59G   0.07481   0.09573   0.06877    0.2393      1114       512   0.03839   0.02947     0.013  0.004981   0.06918   0.05276   0.05634
      2/99     10.4G   0.06927   0.09477   0.05828    0.2223      1144       512   0.06743   0.08891     0.028    0.0119   0.06473    0.0561   0.04671
      3/99     10.4G   0.06572   0.09355   0.05048    0.2098      1041       512    0.1149    0.1594    0.0476   0.02204   0.06086    0.0549    0.0392
      4/99     10.4G   0.06321   0.09263   0.04581    0.2016      1113       512    0.1113    0.2087   0.06262   0.03092   0.05868   0.05616   0.03523
      5/99     10.4G   0.06171   0.09215   0.04287    0.1967      1027       512   0.09884    0.2605   0.07476   0.03828   0.05695   0.05569   0.03293
      6/99     10.4G   0.06079   0.09144    0.0409    0.1931      1142       512    0.1026    0.2995     0.088   0.04653   0.05544   0.05555   0.02996
      7/99     10.4G   0.06001   0.09102   0.03944    0.1905      1119       512    0.1015    0.3278    0.0949   0.05116    0.0545   0.05545   0.02844
      8/99     10.4G   0.05935   0.09052   0.03838    0.1882      1236       512    0.1012    0.3612    0.1012   0.05556   0.05354   0.05609   0.02697
      9/99     10.4G   0.05893   0.09043   0.03743    0.1868      1070       512   0.09914     0.382    0.1072   0.05973   0.05287   0.05637   0.02605
     10/99     10.4G   0.05846      0.09   0.03656     0.185      1174       512     0.102    0.3969    0.1115   0.06287   0.05225   0.05626   0.02508
     11/99     10.4G   0.05803    0.0894   0.03586    0.1833      1109       512    0.1009    0.4123     0.115   0.06556   0.05177   0.05671   0.02445
     12/99     10.4G   0.05778   0.08942   0.03539    0.1826      1145       512    0.1013    0.4227    0.1182   0.06782   0.05136   0.05692    0.0239
     13/99     10.4G    0.0575   0.08941   0.03478    0.1817      1158       512    0.1018    0.4324    0.1203   0.06941   0.05104   0.05701   0.02341
     14/99     10.4G   0.05723   0.08904   0.03445    0.1807      1101       512     0.102    0.4406    0.1232    0.0715   0.05076   0.05707   0.02301
     15/99     10.4G   0.05696   0.08918   0.03404    0.1802       960       512    0.1023    0.4466     0.125   0.07275   0.05053   0.05718   0.02271
     16/99     10.4G   0.05677   0.08912   0.03357    0.1795      1191       512    0.1032    0.4502    0.1263    0.0738   0.05035   0.05709   0.02245
     17/99     10.4G    0.0566   0.08861   0.03334    0.1786      1093       512    0.1086    0.4537    0.1275   0.07463    0.0502   0.05711   0.02227
     18/99     10.4G   0.05638    0.0883   0.03311    0.1778      1156       512    0.1108    0.4554    0.1284   0.07536   0.05009   0.05697   0.02211
     19/99     10.4G   0.05612   0.08824   0.03275    0.1771      1121       512    0.1098    0.4566    0.1292   0.07599   0.04999   0.05682   0.02198
     20/99     10.4G     0.056   0.08802   0.03247    0.1765      1115       512    0.1122    0.4569    0.1297   0.07645   0.04991   0.05665   0.02187
     21/99     10.4G   0.05583   0.08803   0.03232    0.1762      1051       512    0.1117    0.4559    0.1303   0.07696   0.04984   0.05642   0.02177
     22/99     10.4G   0.05568   0.08833   0.03195     0.176      1128       512    0.1123    0.4556    0.1308   0.07735   0.04977   0.05618   0.02169
     23/99     10.4G   0.05552   0.08782   0.03181    0.1752      1069       512     0.114    0.4544    0.1314   0.07784   0.04972   0.05589   0.02162
     24/99     10.4G   0.05537   0.08766   0.03161    0.1746      1088       512    0.1161    0.4534    0.1317   0.07809   0.04967   0.05559   0.02154
     25/99     10.4G   0.05528   0.08738   0.03136     0.174      1027       512    0.1176    0.4517    0.1321    0.0785   0.04962   0.05527   0.02147
     26/99     10.4G   0.05518   0.08761   0.03124     0.174      1149       512    0.1191    0.4495    0.1324   0.07885   0.04958   0.05497    0.0214
     27/99     10.4G   0.05502   0.08762   0.03101    0.1737       924       512    0.1198    0.4477    0.1328   0.07916   0.04953   0.05466   0.02133
     28/99     10.4G    0.0549   0.08735   0.03081    0.1731      1095       512    0.1213    0.4463    0.1331   0.07944   0.04949   0.05436   0.02126
     29/99     10.4G   0.05488   0.08727   0.03076    0.1729      1031       512    0.1229    0.4446    0.1336   0.07983   0.04946   0.05407   0.02119
     30/99     10.4G    0.0546   0.08709   0.03056    0.1722      1150       512    0.1241    0.4432    0.1339   0.08012   0.04942   0.05384   0.02112
     31/99     10.4G   0.05452   0.08695   0.03042    0.1719      1117       512    0.1254    0.4419    0.1342   0.08038   0.04938   0.05359   0.02106
     32/99     10.4G   0.05445   0.08712   0.03022    0.1718      1171       512    0.1275    0.4407    0.1344   0.08062   0.04934   0.05336   0.02099
     33/99     10.4G   0.05434   0.08725   0.02998    0.1716      1193       512    0.1289    0.4404    0.1349   0.08092   0.04929   0.05316    0.0209
     34/99     10.4G   0.05417   0.08669   0.02997    0.1708      1208       512    0.1298    0.4397    0.1352   0.08121   0.04924   0.05299   0.02082
     35/99     10.4G    0.0541   0.08683   0.02978    0.1707      1182       512     0.131      0.44    0.1357   0.08171   0.04919   0.05284   0.02072
     36/99     10.4G   0.05402   0.08672   0.02969    0.1704      1180       512    0.1319    0.4406    0.1362   0.08203   0.04912   0.05273   0.02064
     37/99     10.4G   0.05386   0.08674   0.02946    0.1701       998       512     0.133    0.4408    0.1367   0.08252   0.04907   0.05261   0.02055
     38/99     10.4G   0.05378   0.08668   0.02929    0.1698      1135       512    0.1336    0.4416    0.1372   0.08297     0.049   0.05249   0.02046
     39/99     10.4G   0.05372   0.08668   0.02931    0.1697      1110       512    0.1342    0.4427     0.138   0.08358   0.04893   0.05239   0.02036
     40/99     10.4G   0.05365   0.08666   0.02908    0.1694      1045       512    0.1346    0.4439    0.1386   0.08403   0.04885   0.05235   0.02025
     41/99     10.4G   0.05348    0.0866   0.02892     0.169      1132       512    0.1354     0.446    0.1391   0.08451   0.04878   0.05232   0.02015
     42/99     10.4G   0.05338   0.08645    0.0287    0.1685      1281       512    0.1354    0.4475    0.1397   0.08489    0.0487   0.05231   0.02003
     43/99     10.4G   0.05326   0.08646    0.0287    0.1684      1112       512    0.1357    0.4496    0.1402   0.08523   0.04862   0.05234   0.01993
     44/99     10.4G   0.05323   0.08604   0.02858    0.1678      1107       512    0.1361    0.4519    0.1408   0.08573   0.04853   0.05236   0.01982
     45/99     10.4G   0.05307   0.08577   0.02843    0.1673      1282       512    0.1359    0.4544    0.1414   0.08625   0.04845    0.0524   0.01971
     46/99     10.4G   0.05301   0.08607   0.02836    0.1674      1194       512    0.1356     0.457    0.1419   0.08674   0.04836   0.05245   0.01959
     47/99     10.4G   0.05287   0.08591   0.02814    0.1669      1155       512    0.1353    0.4596    0.1426    0.0873   0.04826   0.05251   0.01947
     48/99     10.4G   0.05282   0.08583   0.02804    0.1667      1010       512     0.135    0.4625    0.1433   0.08783   0.04817   0.05259   0.01935
     49/99     10.4G   0.05266   0.08568   0.02789    0.1662      1163       512    0.1349    0.4653    0.1439   0.08833   0.04807   0.05266   0.01922
     50/99     10.4G   0.05261   0.08575   0.02779    0.1662      1106       512    0.1346    0.4684    0.1446   0.08892   0.04798   0.05275    0.0191
     51/99     10.4G   0.05249   0.08584   0.02762     0.166      1107       512    0.1343    0.4717    0.1454   0.08949   0.04788   0.05285   0.01897
     52/99     10.4G   0.05239    0.0856   0.02748    0.1655      1133       512    0.1336    0.4743     0.146   0.08996   0.04779   0.05292   0.01886
     53/99     10.4G   0.05227   0.08539   0.02733     0.165      1104       512     0.133    0.4773    0.1467   0.09054    0.0477   0.05301   0.01874
     54/99     10.4G   0.05222   0.08551   0.02731     0.165      1105       512    0.1333     0.481    0.1474   0.09107   0.04761   0.05309   0.01862
     55/99     10.4G   0.05208   0.08511   0.02706    0.1642      1137       512    0.1328    0.4838    0.1482   0.09159   0.04752   0.05317   0.01851
     56/99     10.4G   0.05204   0.08555   0.02704    0.1646      1238       512    0.1327     0.487    0.1489   0.09213   0.04743   0.05324   0.01839
     57/99     10.4G   0.05191   0.08508   0.02682    0.1638      1035       512    0.1321    0.4901    0.1495   0.09259   0.04735   0.05333   0.01828
     58/99     10.4G   0.05176   0.08516   0.02672    0.1636      1166       512    0.1316    0.4932      0.15   0.09304   0.04726   0.05343   0.01817
     59/99     10.4G   0.05167   0.08488   0.02653    0.1631      1101       512    0.1313    0.4962    0.1506   0.09343   0.04718   0.05352   0.01805
     60/99     10.4G   0.05162   0.08515    0.0264    0.1632       950       512    0.1309    0.4991    0.1511   0.09381    0.0471    0.0536   0.01795
     61/99     10.4G    0.0515   0.08492   0.02635    0.1628      1138       512    0.1304    0.5017    0.1516   0.09425   0.04702   0.05369   0.01785
     62/99     10.4G   0.05137   0.08494   0.02616    0.1625      1047       512    0.1301     0.505    0.1521   0.09458   0.04694   0.05381   0.01775
     63/99     10.4G   0.05127   0.08489   0.02601    0.1622      1140       512    0.1298     0.508    0.1527   0.09503   0.04687   0.05393   0.01764
     64/99     10.4G   0.05115   0.08434   0.02593    0.1614      1100       512    0.1293    0.5108    0.1533   0.09561   0.04679   0.05404   0.01755
     65/99     10.4G   0.05116   0.08474   0.02576    0.1617      1118       512     0.129    0.5135    0.1538   0.09609   0.04671   0.05414   0.01745
     66/99     10.4G   0.05098   0.08432   0.02565    0.1609      1210       512    0.1289    0.5167    0.1544   0.09655   0.04664   0.05422   0.01735
     67/99     10.4G   0.05084   0.08453   0.02555    0.1609      1249       512    0.1286     0.519    0.1549   0.09696   0.04657   0.05431   0.01726
     68/99     10.4G    0.0508   0.08418   0.02536    0.1603      1144       512    0.1281    0.5211    0.1556   0.09753    0.0465   0.05439   0.01717
     69/99     10.4G   0.05071   0.08413   0.02536    0.1602      1296       512    0.1277    0.5231     0.156   0.09795   0.04643   0.05448   0.01708
     70/99     10.4G   0.05062   0.08426   0.02516      0.16      1183       512    0.1272    0.5255    0.1565   0.09837   0.04636   0.05459     0.017
     71/99     10.4G   0.05057   0.08411   0.02498    0.1597      1182       512    0.1269    0.5275    0.1571   0.09874    0.0463   0.05467   0.01692
     72/99     10.4G    0.0504   0.08398   0.02488    0.1593       978       512    0.1265    0.5304    0.1576   0.09914   0.04623   0.05477   0.01684
     73/99     10.4G   0.05032   0.08385   0.02477     0.159      1096       512    0.1261    0.5327     0.158    0.0995   0.04617   0.05487   0.01676
     74/99     10.4G   0.05026   0.08401   0.02461    0.1589      1114       512     0.126    0.5345    0.1584   0.09988   0.04611   0.05493   0.01668
     75/99     10.4G    0.0501   0.08371   0.02455    0.1584      1082       512    0.1256    0.5363    0.1588    0.1002   0.04605   0.05502   0.01661
     76/99     10.4G   0.05008   0.08375   0.02445    0.1583      1009       512    0.1253    0.5382    0.1594    0.1006   0.04599    0.0551   0.01654
     77/99     10.4G   0.04999   0.08358   0.02431    0.1579      1091       512    0.1249      0.54    0.1597     0.101   0.04594    0.0552   0.01646
     78/99     10.4G   0.04987   0.08367   0.02414    0.1577      1119       512    0.1247    0.5421    0.1601    0.1013   0.04588   0.05529   0.01639
     79/99     10.4G    0.0498   0.08363    0.0241    0.1575      1084       512    0.1245    0.5442    0.1605    0.1016   0.04582   0.05537   0.01632
     80/99     10.4G   0.04965   0.08351   0.02392    0.1571      1161       512    0.1242    0.5458    0.1611    0.1021   0.04577   0.05546   0.01626
     81/99     10.4G   0.04959   0.08347   0.02382    0.1569      1139       512     0.124    0.5478    0.1613    0.1023   0.04572   0.05553   0.01619
     82/99     10.4G   0.04954   0.08333   0.02367    0.1565      1012       512    0.1237    0.5493    0.1616    0.1025   0.04566    0.0556   0.01613
     83/99     10.4G   0.04948   0.08347   0.02362    0.1566      1066       512    0.1235    0.5513     0.162    0.1028   0.04561   0.05567   0.01606
     84/99     10.4G   0.04937   0.08309   0.02361    0.1561      1158       512    0.1235    0.5533    0.1625    0.1031   0.04556   0.05573     0.016
     85/99     10.4G   0.04927   0.08301   0.02347    0.1557      1136       512    0.1234    0.5549    0.1627    0.1033   0.04552    0.0558   0.01594
     86/99     10.4G   0.04921   0.08283   0.02331    0.1554      1069       512    0.1232    0.5562    0.1631    0.1037   0.04547   0.05586   0.01588
     87/99     10.4G   0.04917   0.08287    0.0233    0.1553      1145       512     0.123    0.5577    0.1634    0.1039   0.04542   0.05593   0.01582
     88/99     10.4G   0.04901   0.08273   0.02313    0.1549      1190       512     0.123    0.5594    0.1637    0.1042   0.04538     0.056   0.01576
     89/99     10.4G   0.04907   0.08276   0.02311    0.1549      1088       512    0.1228    0.5606     0.164    0.1044   0.04534   0.05606    0.0157
     90/99     10.4G   0.04898   0.08273   0.02295    0.1547      1179       512    0.1225    0.5615     0.164    0.1045   0.04529   0.05614   0.01565
     91/99     10.4G   0.04897   0.08284   0.02291    0.1547      1235       512    0.1221    0.5626    0.1642    0.1047   0.04525   0.05623    0.0156
     92/99     10.4G   0.04887   0.08275   0.02291    0.1545      1099       512     0.122     0.564    0.1646    0.1049   0.04521   0.05629   0.01555
     93/99     10.4G   0.04883   0.08263   0.02285    0.1543      1304       512    0.1219    0.5652    0.1648    0.1051   0.04517   0.05637    0.0155
     94/99     10.4G   0.04881   0.08262   0.02277    0.1542      1112       512    0.1217    0.5667    0.1651    0.1054   0.04514   0.05643   0.01546
     95/99     10.4G   0.04875   0.08253   0.02274     0.154      1097       512    0.1215    0.5682    0.1652    0.1055    0.0451   0.05651   0.01541
     96/99     10.4G   0.04873   0.08259   0.02264     0.154      1149       512    0.1214    0.5699    0.1655    0.1057   0.04507   0.05659   0.01537
     97/99     10.4G   0.04872   0.08271   0.02267    0.1541      1055       512    0.1212    0.5715    0.1657    0.1059   0.04503   0.05665   0.01532
     98/99     10.4G    0.0487   0.08249   0.02258    0.1538      1044       512     0.121    0.5726     0.166    0.1061     0.045   0.05672   0.01528
     99/99     10.4G   0.04871   0.08237   0.02263    0.1537      1113       512    0.1208     0.574    0.1661    0.1062   0.04497   0.05679   0.01525
