      0/99     2.68G   0.05475   0.05864   0.08354    0.1969        59       512   0.01965    0.0162  0.008099  0.002802    0.0481   0.03364   0.06444
      1/99     7.56G   0.04582   0.05556   0.06322    0.1646        37       512   0.07359    0.0875   0.02656   0.01027   0.04366   0.03401   0.04935
      2/99     7.56G   0.04339   0.05439   0.05394    0.1517        70       512   0.09467    0.1456   0.04604   0.02075    0.0405   0.03341   0.04074
      3/99     7.56G   0.04163   0.05347   0.04886     0.144       100       512     0.096    0.2242   0.06712   0.03325   0.03799   0.03373   0.03448
      4/99     7.56G   0.04069   0.05268   0.04598    0.1393        69       512     0.103    0.2765   0.08006   0.04144   0.03673   0.03427   0.03134
      5/99     7.56G   0.04017    0.0525   0.04409    0.1368        72       512   0.09944    0.3081   0.08775   0.04669   0.03598   0.03423   0.02961
      6/99     7.56G   0.03979   0.05214   0.04275    0.1347        72       512    0.1011    0.3219   0.09212   0.04959   0.03552   0.03419   0.02856
      7/99     7.56G   0.03952   0.05197   0.04186    0.1333        45       512    0.1036    0.3292   0.09505   0.05176   0.03525   0.03397   0.02797
      8/99     7.56G   0.03924   0.05164   0.04105    0.1319        44       512    0.1066      0.33   0.09656    0.0529    0.0351   0.03371   0.02762
      9/99     7.56G   0.03909   0.05167   0.04035    0.1311        39       512    0.1104    0.3273   0.09757   0.05363     0.035   0.03339   0.02738
     10/99     7.56G    0.0389   0.05158   0.03967    0.1302        74       512    0.1151    0.3226   0.09872   0.05452   0.03493   0.03299   0.02721
     11/99     7.56G   0.03875   0.05142    0.0393    0.1295        41       512    0.1202    0.3156   0.09918   0.05496   0.03489   0.03255    0.0271
     12/99     7.56G   0.03871   0.05135   0.03884    0.1289        88       512    0.1255    0.3085   0.09962   0.05517   0.03487   0.03213   0.02701
     13/99     7.56G   0.03859     0.051   0.03859    0.1282        52       512    0.1305    0.3013   0.09995   0.05553   0.03484   0.03181   0.02692
     14/99     7.56G   0.03848   0.05099   0.03823    0.1277        45       512    0.1352    0.2965    0.1003   0.05582   0.03481   0.03155    0.0268
     15/99     7.56G   0.03838     0.051   0.03795    0.1273        58       512    0.1378    0.2931     0.101   0.05636   0.03476   0.03135   0.02663
     16/99     7.56G    0.0383   0.05109   0.03762     0.127        73       512    0.1411    0.2921    0.1018   0.05677    0.0347   0.03121   0.02647
     17/99     7.56G    0.0382   0.05091   0.03734    0.1264        59       512    0.1427    0.2929    0.1029   0.05759   0.03462   0.03113   0.02625
     18/99     7.56G   0.03815   0.05085   0.03705    0.1261        82       512    0.1445    0.2955    0.1043   0.05863   0.03452   0.03106   0.02597
     19/99     7.56G   0.03806   0.05082   0.03685    0.1257        88       512    0.1451    0.3002    0.1057   0.05957   0.03442   0.03106   0.02569
     20/99     7.56G   0.03801   0.05082   0.03668    0.1255        74       512    0.1446    0.3061    0.1073   0.06068   0.03429   0.03111   0.02537
     21/99     7.56G   0.03792   0.05081   0.03646    0.1252        78       512    0.1441    0.3144    0.1088   0.06172   0.03417   0.03117   0.02504
     22/99     7.56G    0.0379   0.05063   0.03627    0.1248        61       512    0.1427    0.3219    0.1105   0.06296   0.03403   0.03126   0.02471
     23/99     7.56G   0.03784   0.05071   0.03605    0.1246        68       512    0.1417    0.3303    0.1122   0.06394    0.0339   0.03136    0.0244
     24/99     7.56G   0.03773   0.05058   0.03587    0.1242        45       512    0.1402    0.3386    0.1136   0.06489   0.03377   0.03151   0.02409
     25/99     7.56G   0.03769   0.05031   0.03587    0.1239        50       512    0.1383    0.3466     0.115   0.06592   0.03365   0.03166   0.02382
     26/99     7.56G   0.03765   0.05035   0.03558    0.1236        51       512    0.1367    0.3544     0.117   0.06747   0.03353   0.03181   0.02357
     27/99     7.56G   0.03757   0.05045   0.03533    0.1233        94       512    0.1352    0.3614    0.1183   0.06837   0.03342   0.03192    0.0233
     28/99     7.56G   0.03753   0.05029   0.03533    0.1231        71       512    0.1341    0.3693    0.1195   0.06918   0.03332   0.03205   0.02307
     29/99     7.56G   0.03745   0.05044   0.03512     0.123       122       512     0.133    0.3765    0.1208   0.07008   0.03323   0.03218   0.02285
     30/99     7.56G   0.03742   0.05032   0.03492    0.1227        57       512    0.1315    0.3831    0.1217   0.07077   0.03314   0.03232   0.02262
     31/99     7.56G   0.03735   0.05024   0.03473    0.1223        69       512    0.1305    0.3894    0.1229   0.07155   0.03305   0.03244    0.0224
     32/99     7.56G   0.03731   0.05009   0.03453    0.1219        65       512    0.1296    0.3957    0.1238   0.07221   0.03297   0.03253   0.02217
     33/99     7.56G   0.03723   0.05032   0.03434    0.1219        78       512    0.1284    0.4017    0.1249   0.07293    0.0329   0.03266   0.02197
     34/99     7.56G   0.03713    0.0501   0.03427    0.1215        80       512    0.1278    0.4074    0.1258   0.07358   0.03282   0.03275   0.02179
     35/99     7.56G   0.03707   0.05019    0.0341    0.1214        80       512    0.1271    0.4117    0.1265    0.0741   0.03275   0.03283   0.02163
     36/99     7.56G   0.03704   0.04995   0.03395    0.1209        72       512    0.1275    0.4168    0.1274   0.07465   0.03268   0.03294   0.02147
     37/99     7.56G   0.03698      0.05    0.0337    0.1207        72       512    0.1282    0.4208    0.1281    0.0752   0.03262   0.03302    0.0213
     38/99     7.56G   0.03691   0.04985   0.03361    0.1204        63       512    0.1266    0.4253    0.1289   0.07571   0.03256    0.0331   0.02114
     39/99     7.56G   0.03687   0.04989   0.03331    0.1201        75       512    0.1259    0.4289    0.1295   0.07606    0.0325   0.03318   0.02098
     40/99     7.56G   0.03677   0.04991   0.03319    0.1199        49       512    0.1252     0.433    0.1304   0.07669   0.03244   0.03326   0.02082
     41/99     7.56G   0.03673   0.04983   0.03309    0.1196        69       512    0.1252    0.4368    0.1312   0.07737   0.03239   0.03331   0.02067
     42/99     7.56G   0.03666   0.04972   0.03285    0.1192        67       512    0.1245     0.441    0.1319   0.07784   0.03233   0.03339   0.02052
     43/99     7.56G   0.03654    0.0497    0.0327    0.1189        39       512    0.1248    0.4441    0.1326    0.0783   0.03228   0.03346   0.02038
     44/99     7.56G   0.03653   0.04974   0.03256    0.1188        96       512    0.1246     0.447    0.1331   0.07865   0.03222   0.03351   0.02025
     45/99     7.56G   0.03643   0.04969   0.03234    0.1185        57       512    0.1241    0.4501    0.1339   0.07927   0.03217   0.03356   0.02013
     46/99     7.56G   0.03636   0.04946   0.03218     0.118        64       512    0.1242    0.4532    0.1346   0.07971   0.03212   0.03359      0.02
     47/99     7.56G   0.03632   0.04953   0.03209    0.1179        96       512    0.1237    0.4566    0.1351   0.08008   0.03207   0.03364   0.01987
     48/99     7.56G   0.03624   0.04923   0.03185    0.1173        65       512    0.1238    0.4591    0.1356   0.08043   0.03202   0.03366   0.01974
     49/99     7.56G   0.03615    0.0494   0.03155    0.1171        57       512    0.1233    0.4623    0.1363   0.08098   0.03196   0.03371   0.01961
     50/99     7.56G   0.03613   0.04925   0.03147    0.1169        61       512    0.1235     0.466    0.1368   0.08132   0.03191   0.03377   0.01948
     51/99     7.56G   0.03604   0.04918    0.0313    0.1165        79       512     0.123    0.4694    0.1374   0.08184   0.03186   0.03382   0.01934
     52/99     7.56G   0.03594   0.04911   0.03107    0.1161        77       512    0.1228    0.4729    0.1381   0.08244   0.03181   0.03385   0.01923
     53/99     7.56G   0.03585   0.04913   0.03079    0.1158        37       512    0.1224    0.4758    0.1386   0.08285   0.03176   0.03388    0.0191
     54/99     7.56G   0.03578   0.04892   0.03067    0.1154        81       512    0.1219     0.479    0.1393   0.08339   0.03171   0.03395   0.01897
     55/99     7.56G   0.03568   0.04902   0.03038    0.1151        49       512    0.1217    0.4819    0.1397   0.08376   0.03166   0.03402   0.01883
     56/99     7.56G   0.03564   0.04893   0.03023    0.1148        64       512    0.1216    0.4849    0.1406   0.08441   0.03162   0.03405   0.01871
     57/99     7.56G   0.03553   0.04895   0.02996    0.1144        49       512    0.1213    0.4881    0.1414   0.08492   0.03157   0.03412   0.01859
     58/99     7.56G   0.03545   0.04886   0.02985    0.1141        55       512    0.1209    0.4911     0.142   0.08542   0.03152   0.03418   0.01847
     59/99     7.56G   0.03537    0.0488   0.02979     0.114        70       512    0.1204    0.4932    0.1426    0.0859   0.03147   0.03424   0.01836
     60/99     7.56G   0.03527   0.04862    0.0294    0.1133        72       512    0.1338    0.4965    0.1433   0.08644   0.03142   0.03425   0.01823
     61/99     7.56G   0.03521   0.04875   0.02919    0.1131        57       512    0.1205     0.498    0.1435    0.0865   0.03137   0.03426   0.01811
     62/99     7.56G   0.03513   0.04873     0.029    0.1129        54       512    0.1337    0.5001    0.1441   0.08699   0.03132   0.03426   0.01799
     63/99     7.56G   0.03502   0.04852   0.02877    0.1123        63       512    0.1335    0.5019    0.1447   0.08741   0.03128   0.03427   0.01787
     64/99     7.56G   0.03497   0.04843   0.02861     0.112        38       512    0.1336    0.5046    0.1454   0.08798   0.03123    0.0343   0.01774
     65/99     7.56G   0.03485   0.04826   0.02837    0.1115        65       512    0.1335    0.5073    0.1461   0.08849   0.03118   0.03435   0.01763
     66/99     7.56G   0.03472   0.04816   0.02812     0.111        69       512    0.1204    0.5091    0.1462   0.08862   0.03113   0.03436    0.0175
     67/99     7.56G   0.03469   0.04816   0.02791    0.1108        61       512    0.1203    0.5114    0.1469   0.08909   0.03109   0.03439   0.01739
     68/99     7.56G   0.03453   0.04827   0.02757    0.1104        52       512    0.1201    0.5132    0.1473   0.08939   0.03104   0.03443   0.01726
     69/99     7.56G   0.03444    0.0483   0.02726      0.11        75       512     0.131     0.517     0.148   0.09001   0.03099   0.03448   0.01713
     70/99     7.56G   0.03437   0.04796   0.02719    0.1095        46       512    0.1267    0.5191    0.1484   0.09031   0.03095   0.03449   0.01702
     71/99     7.56G   0.03429   0.04792   0.02705    0.1093        56       512    0.1247     0.521    0.1491   0.09083    0.0309   0.03452   0.01691
     72/99     7.56G   0.03417   0.04783   0.02671    0.1087        71       512    0.1242    0.5232    0.1497   0.09134   0.03085   0.03456    0.0168
     73/99     7.56G   0.03407   0.04791   0.02655    0.1085        70       512    0.1221    0.5265    0.1503   0.09193    0.0308    0.0346   0.01668
     74/99     7.56G     0.034   0.04759   0.02635    0.1079        71       512    0.1223     0.528    0.1509   0.09233   0.03075   0.03461   0.01658
     75/99     7.56G   0.03392   0.04757   0.02604    0.1075        37       512    0.1221    0.5298    0.1514   0.09277   0.03071   0.03461   0.01647
     76/99     7.56G   0.03378   0.04739    0.0257    0.1069        49       512    0.1211    0.5313    0.1517   0.09306   0.03066   0.03462   0.01637
     77/99     7.56G   0.03369   0.04742    0.0257    0.1068        40       512    0.1209    0.5329    0.1519   0.09324   0.03062   0.03463   0.01627
     78/99     7.56G   0.03359   0.04734   0.02533    0.1063        88       512    0.1209    0.5351    0.1525   0.09359   0.03058   0.03463   0.01617
     79/99     7.56G   0.03352    0.0472   0.02512    0.1058       103       512    0.1211    0.5367    0.1532    0.0942   0.03053   0.03464   0.01606
     80/99     7.56G    0.0334   0.04725   0.02492    0.1056        50       512    0.1211    0.5386    0.1535   0.09445   0.03049   0.03465   0.01595
     81/99     7.56G   0.03331   0.04704   0.02457    0.1049        67       512    0.1216    0.5401    0.1539   0.09475   0.03044   0.03465   0.01586
     82/99     7.56G   0.03324   0.04709   0.02449    0.1048        46       512    0.1217    0.5413    0.1542   0.09504    0.0304   0.03466   0.01577
     83/99     7.56G   0.03307   0.04703   0.02422    0.1043        43       512    0.1216    0.5438    0.1545   0.09523   0.03036   0.03467   0.01567
     84/99     7.56G   0.03304   0.04691   0.02408     0.104        80       512    0.1215    0.5454    0.1549   0.09552   0.03032   0.03469   0.01557
     85/99     7.56G    0.0329   0.04694   0.02378    0.1036        55       512    0.1213    0.5471     0.155   0.09558   0.03027   0.03474   0.01548
     86/99     7.56G   0.03283   0.04672   0.02352    0.1031        75       512    0.1213    0.5488    0.1553   0.09583   0.03024   0.03474   0.01538
     87/99     7.56G   0.03275   0.04676   0.02337    0.1029        71       512     0.122    0.5509    0.1558   0.09624    0.0302   0.03476   0.01529
     88/99     7.56G   0.03265   0.04665    0.0232    0.1025        79       512    0.1221    0.5523     0.156   0.09644   0.03016   0.03476   0.01521
     89/99     7.56G   0.03258   0.04664   0.02302    0.1022        82       512     0.122    0.5539    0.1563   0.09674   0.03012   0.03478   0.01513
     90/99     7.56G   0.03249   0.04637   0.02288    0.1017        51       512    0.1218    0.5553    0.1564   0.09702   0.03009   0.03479   0.01504
     91/99     7.56G   0.03243   0.04637   0.02258    0.1014        77       512    0.1218    0.5565     0.157   0.09746   0.03005    0.0348   0.01496
     92/99     7.56G   0.03241   0.04647   0.02256    0.1014        80       512     0.122    0.5583    0.1571   0.09756   0.03002   0.03481   0.01489
     93/99     7.56G   0.03234    0.0462    0.0224    0.1009        51       512    0.1219     0.559    0.1573   0.09769   0.02998   0.03482   0.01482
     94/99     7.56G    0.0323    0.0463    0.0223    0.1009        71       512    0.1219    0.5608    0.1575   0.09796   0.02995   0.03484   0.01475
     95/99     7.56G   0.03221   0.04626   0.02207    0.1005        53       512    0.1217    0.5623    0.1581   0.09844   0.02992   0.03486   0.01469
     96/99     7.56G    0.0322   0.04605   0.02203    0.1003        70       512    0.1215    0.5642    0.1584   0.09872   0.02989    0.0349   0.01463
     97/99     7.56G   0.03211   0.04607    0.0219    0.1001        61       512    0.1214    0.5649    0.1586   0.09887   0.02987   0.03493   0.01458
     98/99     7.56G   0.03211   0.04616   0.02189    0.1002        84       512    0.1213    0.5661    0.1588   0.09917   0.02985   0.03498   0.01452
     99/99     7.56G   0.03212   0.04621   0.02189    0.1002        54       512    0.1212    0.5669     0.159   0.09939   0.02982     0.035   0.01447
