      0/99     2.69G   0.08563   0.08073   0.08279    0.2492        75       512   0.03403   0.03565   0.01167  0.004397   0.07598   0.04953    0.0662
      1/99     8.13G   0.07126    0.0788   0.06353    0.2136        58       512   0.08199    0.1181   0.03166   0.01291    0.0676   0.05093   0.04967
      2/99     8.13G    0.0677    0.0779   0.05597    0.2016        48       512    0.0843    0.1914   0.05388   0.02571   0.06288   0.04678   0.04228
      3/99     8.13G    0.0652   0.07704   0.05166    0.1939        58       512   0.08908    0.2641   0.07095   0.03622   0.05959   0.04936   0.03723
      4/99     8.13G   0.06398   0.07636   0.04929    0.1896        89       512   0.08981    0.3099   0.08329   0.04469   0.05774     0.049   0.03461
      5/99     8.13G    0.0631   0.07606   0.04756    0.1867        48       512   0.08561    0.3437   0.09108   0.04975   0.05658   0.04951   0.03283
      6/99     8.13G   0.06259   0.07584   0.04634    0.1848        92       512   0.08555    0.3601   0.09598   0.05317   0.05589   0.04951   0.03169
      7/99     8.13G   0.06218   0.07539   0.04544     0.183        69       512   0.08777    0.3661   0.09874   0.05512    0.0555   0.04926   0.03106
      8/99     8.13G   0.06189   0.07536   0.04448    0.1817        71       512   0.09091    0.3679    0.1004   0.05626   0.05527   0.04889   0.03065
      9/99     8.13G   0.06157   0.07524   0.04408    0.1809        62       512   0.09408     0.367    0.1016   0.05724    0.0551   0.04845   0.03038
     10/99     8.13G    0.0613    0.0748   0.04347    0.1796        60       512   0.09823    0.3628    0.1025   0.05795   0.05498    0.0478   0.03019
     11/99     8.13G   0.06112   0.07483   0.04309     0.179        92       512     0.103    0.3575    0.1034   0.05864   0.05491   0.04714   0.03003
     12/99     8.13G    0.0609   0.07477   0.04261    0.1783        85       512    0.1075    0.3511    0.1042   0.05926   0.05486   0.04654   0.02989
     13/99     8.13G   0.06071    0.0747   0.04215    0.1775        65       512    0.1113    0.3459    0.1047   0.05968   0.05482   0.04599   0.02975
     14/99     8.13G   0.06054   0.07462   0.04193    0.1771        82       512    0.1149    0.3419    0.1052   0.06012   0.05476    0.0456   0.02961
     15/99     8.13G   0.06047   0.07424   0.04175    0.1765        67       512     0.118    0.3399    0.1059   0.06064   0.05468   0.04528   0.02942
     16/99     8.13G   0.06033   0.07415   0.04154     0.176       108       512    0.1206    0.3404    0.1068   0.06124   0.05458    0.0451   0.02921
     17/99     8.13G   0.06025   0.07421   0.04134    0.1758        49       512    0.1218    0.3421    0.1079   0.06208   0.05445   0.04499   0.02895
     18/99     8.13G   0.06012   0.07404   0.04105    0.1752        56       512    0.1232    0.3457    0.1091   0.06289   0.05432   0.04489   0.02868
     19/99     8.13G   0.06005    0.0741   0.04083     0.175       109       512     0.123    0.3498    0.1104   0.06386   0.05417   0.04488   0.02838
     20/99     8.13G   0.05989   0.07409   0.04055    0.1745        61       512    0.1227    0.3558    0.1116   0.06457   0.05402   0.04493    0.0281
     21/99     8.14G   0.05987   0.07396   0.04048    0.1743        34       512    0.1215     0.363     0.113   0.06551   0.05383   0.04504   0.02778
     22/99     8.14G   0.05969   0.07406   0.04026     0.174        90       512    0.1208     0.371    0.1142   0.06641   0.05367   0.04516   0.02751
     23/99     8.14G   0.05955   0.07373   0.04023    0.1735        91       512    0.1199     0.378    0.1156   0.06733    0.0535   0.04529   0.02725
     24/99     8.14G   0.05955   0.07363   0.04011    0.1733        77       512    0.1185    0.3854    0.1168   0.06822   0.05332   0.04548     0.027
     25/99     8.14G   0.05946   0.07363   0.03989     0.173        59       512    0.1171    0.3931    0.1181   0.06911   0.05316   0.04569   0.02674
     26/99     8.14G   0.05934   0.07364   0.03975    0.1727        62       512    0.1159     0.399    0.1194   0.07002     0.053   0.04586   0.02651
     27/99     8.14G   0.05932   0.07378   0.03959    0.1727        55       512    0.1149     0.405    0.1206   0.07089   0.05286     0.046    0.0263
     28/99     8.14G   0.05914   0.07348   0.03938     0.172        62       512    0.1137    0.4106    0.1216   0.07156   0.05273    0.0462   0.02607
     29/99     8.14G   0.05915   0.07368   0.03926    0.1721       118       512    0.1125    0.4172    0.1227   0.07241    0.0526   0.04639   0.02585
     30/99     8.14G   0.05901   0.07329    0.0391    0.1714        70       512    0.1117    0.4234    0.1239   0.07329   0.05247   0.04656   0.02562
     31/99     8.14G   0.05901   0.07346   0.03894    0.1714        96       512    0.1105    0.4279    0.1247   0.07379   0.05236    0.0467   0.02542
     32/99     8.14G   0.05888   0.07336   0.03875     0.171        90       512    0.1097    0.4331    0.1256   0.07447   0.05224   0.04685   0.02523
     33/99     8.14G   0.05876   0.07328   0.03864    0.1707        52       512    0.1091    0.4385    0.1265    0.0751   0.05212   0.04701   0.02505
     34/99     8.14G   0.05865   0.07323    0.0385    0.1704        84       512    0.1135    0.4431    0.1272   0.07561     0.052   0.04719   0.02488
     35/99     8.14G   0.05856   0.07309   0.03841    0.1701        63       512    0.1144    0.4479     0.128   0.07622    0.0519   0.04733   0.02473
     36/99     8.14G   0.05854   0.07297   0.03834    0.1698        68       512    0.1112    0.4517    0.1289   0.07675    0.0518   0.04748   0.02458
     37/99     8.14G   0.05841   0.07315   0.03803    0.1696        65       512    0.1114    0.4561    0.1296    0.0773   0.05171    0.0476   0.02444
     38/99     8.14G   0.05834   0.07319   0.03793    0.1695        82       512    0.1103    0.4606    0.1303   0.07788   0.05162   0.04774    0.0243
     39/99     8.14G   0.05828   0.07285   0.03782    0.1689        81       512    0.1074    0.4638    0.1311   0.07842   0.05153   0.04784   0.02415
     40/99     8.14G   0.05816   0.07303   0.03768    0.1689        56       512    0.1066    0.4676    0.1316   0.07881   0.05144   0.04796     0.024
     41/99     8.14G   0.05808   0.07297   0.03744    0.1685        59       512    0.1059    0.4713    0.1324   0.07937   0.05136   0.04805   0.02384
     42/99     8.14G     0.058   0.07299   0.03736    0.1684        87       512    0.1057    0.4756    0.1332   0.07984   0.05127   0.04817    0.0237
     43/99     8.14G   0.05789   0.07274   0.03724    0.1679        33       512    0.1055    0.4776    0.1336   0.08018   0.05119    0.0482   0.02358
     44/99     8.14G   0.05773   0.07269   0.03704    0.1675        42       512    0.1051    0.4799    0.1342   0.08061   0.05113   0.04827   0.02346
     45/99     8.14G    0.0577   0.07255    0.0369    0.1672        77       512    0.1047    0.4823    0.1346   0.08089   0.05105   0.04837   0.02334
     46/99     8.14G   0.05762   0.07255   0.03678    0.1669        76       512    0.1041    0.4849    0.1352   0.08131   0.05099   0.04845   0.02323
     47/99     8.14G   0.05748   0.07253   0.03655    0.1666        78       512    0.1034    0.4876    0.1356   0.08172   0.05092   0.04855   0.02311
     48/99     8.14G   0.05747   0.07239   0.03645    0.1663        77       512    0.1167    0.4915    0.1372    0.0828   0.05084   0.04864   0.02298
     49/99     8.14G   0.05733   0.07234   0.03632     0.166        49       512    0.1166    0.4944    0.1378   0.08313   0.05077   0.04872   0.02285
     50/99     8.14G   0.05727   0.07255   0.03625    0.1661        62       512    0.1171    0.4971    0.1385   0.08374    0.0507   0.04876   0.02273
     51/99     8.14G   0.05718    0.0721   0.03612    0.1654        77       512    0.1168       0.5    0.1393   0.08417   0.05064   0.04883   0.02262
     52/99     8.14G   0.05709   0.07216   0.03583    0.1651        63       512    0.1163     0.502    0.1395   0.08445   0.05057   0.04889   0.02251
     53/99     8.14G   0.05694   0.07235   0.03563    0.1649        79       512     0.103    0.5039    0.1391   0.08429   0.05049   0.04898   0.02238
     54/99     8.14G   0.05683     0.072   0.03557    0.1644        72       512    0.1026    0.5054    0.1397   0.08473   0.05042   0.04903   0.02228
     55/99     8.14G   0.05681   0.07204   0.03548    0.1643        45       512     0.102    0.5075    0.1406   0.08535   0.05035   0.04905   0.02217
     56/99     8.14G   0.05675   0.07189   0.03523    0.1639        90       512    0.1019    0.5108     0.141    0.0857   0.05028   0.04912   0.02205
     57/99     8.14G   0.05658   0.07194   0.03502    0.1635        53       512    0.1017    0.5132    0.1415   0.08602   0.05021   0.04916   0.02194
     58/99     8.14G   0.05649   0.07184   0.03495    0.1633        47       512    0.1016    0.5163    0.1425   0.08688   0.05013   0.04923   0.02183
     59/99     8.14G   0.05635   0.07167   0.03477    0.1628        70       512    0.1014    0.5181     0.143   0.08726   0.05007   0.04926   0.02172
     60/99     8.14G   0.05629   0.07168   0.03469    0.1627        46       512    0.1011    0.5202    0.1436    0.0877      0.05    0.0493   0.02162
     61/99     8.14G   0.05616   0.07168   0.03436    0.1622        87       512    0.1012    0.5223    0.1442   0.08824   0.04993   0.04936   0.02151
     62/99     8.14G   0.05607   0.07168   0.03436    0.1621        34       512     0.101     0.524    0.1446   0.08859   0.04986   0.04939   0.02141
     63/99     8.14G   0.05601   0.07134   0.03421    0.1616        97       512    0.1009    0.5256    0.1452   0.08897   0.04981   0.04945   0.02131
     64/99     8.14G   0.05593    0.0714   0.03392    0.1612        56       512    0.1006    0.5282    0.1457   0.08937   0.04974   0.04952   0.02122
     65/99     8.14G   0.05584   0.07142   0.03384    0.1611        87       512    0.1006    0.5303    0.1461   0.08977   0.04967   0.04956   0.02111
     66/99     8.14G   0.05575   0.07126   0.03361    0.1606        51       512    0.1008    0.5319    0.1468   0.09035   0.04961   0.04959     0.021
     67/99     8.14G   0.05567   0.07137   0.03352    0.1605       101       512    0.1008    0.5343    0.1475   0.09081   0.04954   0.04962    0.0209
     68/99     8.14G   0.05546    0.0712   0.03329      0.16        48       512    0.1139    0.5365    0.1482   0.09135   0.04947   0.04965    0.0208
     69/99     8.14G   0.05537   0.07113   0.03299    0.1595        80       512    0.1139    0.5385    0.1486   0.09181   0.04941    0.0497   0.02068
     70/99     8.14G   0.05536   0.07116   0.03305    0.1596        73       512    0.1135    0.5396    0.1492   0.09225   0.04935   0.04972   0.02059
     71/99     8.14G   0.05524   0.07089   0.03283     0.159        73       512    0.1006    0.5416    0.1495   0.09229   0.04928   0.04976    0.0205
     72/99     8.14G   0.05512   0.07094   0.03271    0.1588        71       512    0.1003    0.5431    0.1497   0.09255   0.04922   0.04978   0.02039
     73/99     8.14G   0.05506    0.0709   0.03236    0.1583        68       512    0.1003    0.5455    0.1502   0.09294   0.04916   0.04981   0.02028
     74/99     8.14G   0.05489   0.07078   0.03234     0.158        60       512    0.1002    0.5474    0.1505   0.09311    0.0491   0.04983   0.02019
     75/99     8.14G   0.05474   0.07061   0.03216    0.1575        72       512       0.1    0.5492     0.151   0.09344   0.04904   0.04987   0.02009
     76/99     8.14G   0.05473   0.07059   0.03205    0.1574        56       512       0.1    0.5508    0.1514   0.09368   0.04897   0.04987      0.02
     77/99     8.14G   0.05458   0.07056   0.03197    0.1571        60       512   0.09992    0.5523    0.1519   0.09417   0.04891   0.04989   0.01991
     78/99     8.14G   0.05449   0.07053   0.03182    0.1568        51       512   0.09997    0.5539    0.1522   0.09443   0.04885    0.0499   0.01981
     79/99     8.14G   0.05441   0.07044   0.03152    0.1564        39       512    0.1001     0.556    0.1528   0.09493   0.04879   0.04991   0.01972
     80/99     8.14G   0.05435   0.07014   0.03144    0.1559        88       512   0.09991    0.5572    0.1531   0.09502   0.04873   0.04995   0.01963
     81/99     8.14G   0.05418   0.07014   0.03128    0.1556        65       512   0.09971    0.5579    0.1533   0.09534   0.04868   0.04996   0.01955
     82/99     8.14G   0.05416   0.07026   0.03114    0.1556        48       512   0.09966    0.5597    0.1539   0.09579   0.04863      0.05   0.01947
     83/99     8.14G   0.05408   0.07017   0.03108    0.1553        63       512   0.09956    0.5616    0.1542     0.096   0.04857   0.05006   0.01939
     84/99     8.14G   0.05404   0.07045   0.03087    0.1554       101       512   0.09988    0.5636    0.1549   0.09649   0.04852   0.05009    0.0193
     85/99     8.14G   0.05398      0.07    0.0308    0.1548        66       512    0.1001    0.5645    0.1554   0.09688   0.04846   0.05007   0.01922
     86/99     8.14G   0.05383   0.06996   0.03061    0.1544        72       512    0.1002    0.5659    0.1557   0.09726    0.0484    0.0501   0.01914
     87/99     8.14G   0.05382    0.0699   0.03059    0.1543       120       512       0.1    0.5678    0.1561   0.09756   0.04835   0.05015   0.01906
     88/99     8.14G   0.05368   0.06983   0.03041    0.1539        50       512       0.1    0.5699    0.1562   0.09777   0.04831   0.05023   0.01899
     89/99     8.14G   0.05366   0.06967    0.0303    0.1536        76       512   0.09992    0.5708    0.1566   0.09816   0.04826   0.05025   0.01892
     90/99     8.14G   0.05364   0.06992    0.0303    0.1539        60       512    0.1001    0.5724     0.157   0.09841   0.04822   0.05023   0.01885
     91/99     8.14G   0.05356   0.06984   0.03023    0.1536        48       512   0.09971    0.5733    0.1574   0.09876   0.04817   0.05026   0.01879
     92/99     8.14G   0.05344    0.0699   0.03002    0.1534        86       512   0.09987     0.575    0.1579   0.09903   0.04813   0.05031   0.01873
     93/99     8.14G   0.05341   0.06956   0.03006     0.153        58       512    0.0998    0.5756     0.158   0.09915   0.04809   0.05031   0.01868
     94/99     8.14G   0.05338   0.06949   0.02992    0.1528        64       512   0.09988    0.5771    0.1582   0.09929   0.04805   0.05033   0.01862
     95/99     8.14G   0.05338   0.06954   0.02986    0.1528        63       512   0.09993    0.5782    0.1583   0.09938   0.04802   0.05036   0.01857
     96/99     8.14G   0.05331   0.06968   0.02981    0.1528        46       512   0.09989    0.5786    0.1586   0.09967   0.04799   0.05038   0.01851
     97/99     8.14G    0.0533    0.0696   0.02974    0.1526        61       512       0.1     0.579    0.1588   0.09976   0.04796   0.05037   0.01846
     98/99     8.14G   0.05327   0.06937   0.02961    0.1522        61       512   0.09994    0.5801    0.1589   0.09985   0.04793   0.05041   0.01842
     99/99     8.14G    0.0533   0.06968    0.0297    0.1527        76       512    0.0997     0.581     0.159    0.0999    0.0479   0.05044   0.01838
